504
15 8
286
648
292
88 51
551
38
208
645
35
27 20
127
217
22
775
94 91
219
924
89
300
393
962
23
567
13
606
287
113
516
4
167
799
265
70
154
11
921
485
745
451
803
457
463
905
179
364
81
450
228
87
211
736
301
272
314
34
275
109
820
181
254
196
436
584
509
557
644
9
60
197
654
549
260
92
688
48
779
963
7
614
28
120
638
706
836
277
361
25
855
83
860
5
939
90
3
387
125
951
570
241
329
347
98
41
433
148
245
50
479
296
166
504
728
202
468
216
111
423
756
899
313
472
302
367
189
19
391
159
370
404
546
149
532
499
723
627
21
203
33
348
187
550
139
802
677
435
268
1
192
178
279
145
768
281
106
746
729
812
629
887
559
831
389
349
480
663
251
761
352
381
848
121
201
360
411
103
294
456
467
194
63
505
140
62
576
229
14
43
110
293
261
282
39
29
141
994
193
205
77
100
74
78
880
508
539
210
406
446
136
17
316
889
923
247
255
176
132
112
177
298
754
926
500
429
462
707
305
488
497
230
73
743
320
913
555
416
888
554
641
992
356
334
506
303
267
692
274
309
536
107
212
174
704
588
610
623
502
830
594
712
845
650
561
533
507
430
333
45
209
777
541
942
732
283
284
42
276
186
299
240
420
442
213
16
135
323
421
170
439
311
164
515
184
755
616
75
142
328
671
776
315
332
778
340
604
713
526
225
56
412
425
342
362
440
719
239
233
358
308
730
222
514
869
453
702
611
741
235
519
232
317
357
278
565
649
441
325
560
771
613
727
24
493
826
477
596
448
396
602
220
319
258
351
491
626
893
530
739
864
867
520
312
647
473
369
486
682
667
326
687
379
679
708
886
811
669
865
786
374
377
346
378
460
784
646
680
642
538
122
785
907
725
718
896
936
678
747
574
807
400
593
969
792
986
954
972
878
829
804
827
722
978
489
767
823
844
757
964
605
556
431
575
970
870
531
787
569
597
738
975
766
874
772
652
640
742
790
690
976
815
591
724
693
621
656
849
639
354
850
791
397
950
908
922
540
483
672
658
691
875
843
822
380
809
592
842
655
821
764
955
780
694
854
733
839
852
734
748
906
935
851
859
971
931
819
863
917
998
890
877
900
944
895
914
959
925
938
933
989
948
987
966
983
997